0 1
0 2
0 3
0 4
0 5
1 20
1 23
1 24
1 13
1 18
1 12
2 20
2 11
2 12
2 14
2 22
3 9
3 25
3 26
3 17
3 7
3 8
3 12
3 14
3 17
3 18
4 7
4 15
4 18
4 19
4 21
5 8
5 12
5 15
5 1
5 16
6 8
6 9
6 14
6 21
6 29
7 22
7 28
7 27
7 6
7 8
7 10
8 11
8 19
8 20
8 24
8 25
8 26
9 21
9 25
9 26
9 5
9 6
9 17
10 6
10 14
10 16
10 20
10 27
10 28
10 29
12 5
12 18
12 19
12 20
13 21
13 10
13 11
13 26
13 26
14 28
14 14
14 15
16 29
16 8
16 11
16 17
17 19
17 4
17 13
17 14
17 21
19 8
19 11
19 13
19 17
19 21
19 22
19 28
19 29
20 21
20 25
21 25
21 26
21 6
21 8
21 9
22 3
22 4
22 15
23 5
23 6
23 12
23 19
24 5
24 10
25 2
25 1
25 3
26 4
26 5
26 7
27 4
27 11
27 26
28 2
28 1
28 18
29 0
29 8
